﻿Species,Lower Energy (MeV),Upper Energy (MeV),Delta E (MeV),Geometry Factor (cm2 sr),Efficiency,b
H,1.8,2.2,0.4,0.136584,1,0
H,2.2,2.7,0.5,0.1376568,1,0
H,2.7,3.2,0.5,0.1379136,1,0
H,3.2,3.6,0.4,0.1379864,1,0
H,3.6,4,0.4,0.138384,1,0
H,4,4.5,0.5,0.1382672,1,0
H,4.5,5,0.5,0.1386696,1,0
H,5,6,1,0.1388304,1,0
H,6,8,2,0.1387504,1,0
H,8,10,2,0.1127616,1,0
H,10,12,2,0.0440536,1,0
H,12,15,3,0.0080144,1,0
He3,2.2,2.7,0.5,0.1365328,1,0
He3,2.7,3.2,0.5,0.1380856,1,0
He3,3.2,3.6,0.4,0.1382648,1,0
He3,3.6,4,0.4,0.138412,1,0
He3,4,4.5,0.5,0.13828,1,0
He3,4.5,5,0.5,0.1384112,1,0
He3,5,6,1,0.1386416,1,0
He3,6,8,2,0.1392688,1,0
He3,8,10,2,0.1399864,1,0
He3,10,12,2,0.1408096,1,0
He3,12,15,3,0.1411328,1,0
He4,1.8,2.2,0.4,0.1378976,1,0
He4,2.2,2.7,0.5,0.1382288,1,0
He4,2.7,3.2,0.5,0.1384736,1,0
He4,3.2,3.6,0.4,0.1381376,1,0
He4,3.6,4,0.4,0.1384728,1,0
He4,4,4.5,0.5,0.1388864,1,0
He4,4.5,5,0.5,0.1387632,1,0
He4,5,6,1,0.1390288,1,0
He4,6,8,2,0.1395312,1,0
He4,8,10,2,0.1403072,1,0
He4,10,12,2,0.1410032,1,0
He4,12,15,3,0.1414104,1,0
He,2.2,2.7,0.5,0.1382112,1,0
He,2.7,3.2,0.5,0.1384688,1,0
He,3.2,3.6,0.4,0.13814,1,0
He,3.6,4,0.4,0.138472,1,0
He,4,4.5,0.5,0.13888,1,0
He,4.5,5,0.5,0.1387592,1,0
He,5,6,1,0.1390264,1,0
He,6,8,2,0.1395296,1,0
He,8,10,2,0.1403032,1,0
He,10,12,2,0.141,1,0
He,12,15,3,0.1414072,1,0
C,3.2,3.6,0.4,0.1367224,1,0
C,3.6,4,0.4,0.1373872,1,0
C,4,4.5,0.5,0.137888,1,0
C,4.5,5,0.5,0.138708,1,0
C,5,6,1,0.1384552,1,0
C,6,8,2,0.1385832,1,0
C,8,10,2,0.1391912,1,0
C,10,12,2,0.13896,1,0
C,12,15,3,0.1403528,1,0
C,15,21,6,0.1410856,1,0
C,21,27,6,0.1420816,1,0
C,27,33,6,0.1548608,1,0
N,3.2,3.6,0.4,0.114972,1,0
N,3.6,4,0.4,0.137508,1,0
N,4,4.5,0.5,0.1378984,1,0
N,4.5,5,0.5,0.1381384,1,0
N,5,6,1,0.1382712,1,0
N,6,8,2,0.1386392,1,0
N,8,10,2,0.1390136,1,0
N,10,12,2,0.1395344,1,0
N,12,15,3,0.1402192,1,0
N,15,21,6,0.1412728,1,0
N,21,27,6,0.1422288,1,0
N,27,33,6,0.1462064,1,0
O,3.2,3.6,0.4,0.0529648,1,0
O,3.6,4,0.4,0.1363328,1,0
O,4,4.5,0.5,0.1379816,1,0
O,4.5,5,0.5,0.1380344,1,0
O,5,6,1,0.1382072,1,0
O,6,8,2,0.1386056,1,0
O,8,10,2,0.1389264,1,0
O,10,12,2,0.1390352,1,0
O,12,15,3,0.1399912,1,0
O,15,21,6,0.1409568,1,0
O,21,27,6,0.1425152,1,0
O,27,33,6,0.1436632,1,0
Ne,3.2,3.6,0.4,0.0000736,1,0
Ne,3.6,4,0.4,0.07382,1,0
Ne,4,4.5,0.5,0.137,1,0
Ne,4.5,5,0.5,0.1375608,1,0
Ne,5,6,1,0.1378424,1,0
Ne,6,8,2,0.138516,1,0
Ne,8,10,2,0.1390376,1,0
Ne,10,12,2,0.1390104,1,0
Ne,12,15,3,0.1396968,1,0
Ne,15,21,6,0.1405904,1,0
Ne,21,27,6,0.1423792,1,0
Ne,27,33,6,0.1436088,1,0
Ne,33,40,7,0.1481456,1,0
Na,6,8,2,0.1383712,1,0
Na,8,10,2,0.1386144,1,0
Na,10,12,2,0.1390208,1,0
Na,12,15,3,0.139736,1,0
Na,15,21,6,0.1406136,1,0
Na,21,27,6,0.1422648,1,0
Na,27,33,6,0.1438752,1,0
Na,33,40,7,0.1484224,1,0
Mg,3.2,3.6,0.4,0.0000224,1,0
Mg,3.6,4,0.4,0.0004584,1,0
Mg,4,4.5,0.5,0.106292,1,0
Mg,4.5,5,0.5,0.1378376,1,0
Mg,5,6,1,0.1379608,1,0
Mg,6,8,2,0.1383488,1,0
Mg,8,10,2,0.1385872,1,0
Mg,10,12,2,0.1394272,1,0
Mg,12,15,3,0.1396048,1,0
Mg,15,21,6,0.1404824,1,0
Mg,21,27,6,0.1422616,1,0
Mg,27,33,6,0.143612,1,0
Mg,33,40,7,0.145144,1,0
Mg,40,52,12,0.1623328,1,0
Al,6,8,2,0.1381232,1,0
Al,8,10,2,0.1385224,1,0
Al,10,12,2,0.1388992,1,0
Al,12,15,3,0.13944,1,0
Al,15,21,6,0.1404576,1,0
Al,21,27,6,0.1421024,1,0
Al,27,33,6,0.1435136,1,0
Al,33,40,7,0.1453712,1,0
Al,40,52,12,0.1621592,1,0
Si,3.2,3.6,0.4,0.0000232,1,0
Si,3.6,4,0.4,0.0000664,1,0
Si,4,4.5,0.5,0.0465016,1,0
Si,4.5,5,0.5,0.1355904,1,0
Si,5,6,1,0.1379968,1,0
Si,6,8,2,0.1380736,1,0
Si,8,10,2,0.1384848,1,0
Si,10,12,2,0.138644,1,0
Si,12,15,3,0.1392056,1,0
Si,15,21,6,0.1404752,1,0
Si,21,27,6,0.1419616,1,0
Si,27,33,6,0.1437368,1,0
Si,33,40,7,0.1456296,1,0
Si,40,52,12,0.1571248,1,0
S,3.6,4,0.4,0.0000592,1,0
S,4,4.5,0.5,0.0053464,1,0
S,4.5,5,0.5,0.1212552,1,0
S,5,6,1,0.1378296,1,0
S,6,8,2,0.138108,1,0
S,8,10,2,0.1386168,1,0
S,10,12,2,0.1391672,1,0
S,12,15,3,0.1393128,1,0
S,15,21,6,0.1402944,1,0
S,21,27,6,0.1417616,1,0
S,27,33,6,0.1435304,1,0
S,33,40,7,0.1452984,1,0
S,40,52,12,0.1514832,1,0
Ar,3.6,4,0.4,0.000096,1,0
Ar,4,4.5,0.5,0.0412264,1,0
Ar,4.5,5,0.5,0.1339696,1,0
Ar,5,6,1,0.1379752,1,0
Ar,6,8,2,0.1384384,1,0
Ar,8,10,2,0.1387944,1,0
Ar,10,12,2,0.139176,1,0
Ar,12,15,3,0.1394888,1,0
Ar,15,21,6,0.1403136,1,0
Ar,21,27,6,0.1419992,1,0
Ar,27,33,6,0.1436152,1,0
Ar,33,40,7,0.1452528,1,0
Ar,40,52,12,0.1513104,1,0
Ca,3.6,4,0.4,0.0000336,1,0
Ca,4,4.5,0.5,0.0000984,1,0
Ca,4.5,5,0.5,0.0384672,1,0
Ca,5,6,1,0.134464,1,0
Ca,6,8,2,0.1380584,1,0
Ca,8,10,2,0.1384136,1,0
Ca,10,12,2,0.1388008,1,0
Ca,12,15,3,0.1391592,1,0
Ca,15,21,6,0.140144,1,0
Ca,21,27,6,0.1415904,1,0
Ca,27,33,6,0.1433896,1,0
Ca,33,40,7,0.1449032,1,0
Ca,40,52,12,0.1471384,1,0
Fe,2.7,3.2,0.5,0.0000072,1,0
Fe,3.2,3.6,0.4,0.0000096,1,0
Fe,3.6,4,0.4,0.0000384,1,0
Fe,4,4.5,0.5,0.0000984,1,0
Fe,4.5,5,0.5,0.015596,1,0
Fe,5,6,1,0.1306008,1,0
Fe,6,8,2,0.1381168,1,0
Fe,8,10,2,0.1382088,1,0
Fe,10,12,2,0.1388248,1,0
Fe,12,15,3,0.1389696,1,0
Fe,15,21,6,0.13982,1,0
Fe,21,27,6,0.1411424,1,0
Fe,27,33,6,0.142248,1,0
Fe,33,40,7,0.143912,1,0
Fe,40,52,12,0.1458128,1,0
Fe,52,70,18,0.1585552,1,0
Ni,8,10,2,0.1383352,1,0
Ni,10,12,2,0.1388184,1,0
Ni,12,15,3,0.1391304,1,0
Ni,15,21,6,0.1399112,1,0
Ni,21,27,6,0.1411184,1,0
Ni,27,33,6,0.1424104,1,0
Ni,33,40,7,0.1439408,1,0
Ni,40,52,12,0.1457184,1,0
Ni,52,70,18,0.1551192,1,0